#           w0_fld,           wa_fld,          Omega_b,                h,              n_s,           sigma8,             N_ur,            {\sum}m_nu,     Omega_m,           bias_1,           bias_2,           bias_3,           bias_4,           bias_5,           bias_6,           bias_7,           bias_8,           bias_9,          bias_10,              aIA,            etaIA
 1.86944166432880475547e-03	-6.65242781754228022090e-03	-1.15540096278596788558e-06	-7.84623651231116693572e-04	 3.09215542535377300570e-04	-1.35952074254968387126e-04	-2.14687552103961067432e-03	-2.95794466532014457480e-04	 1.41576347501302040417e-04	 3.00250081192351100966e-05	 1.41391335723814283508e-05	 4.00905195826497430934e-05	 6.67138468331307418454e-05	 9.75900729843852106447e-05	 1.22686387579769951928e-04	 1.47917226753596111038e-04	 1.70749980366194218815e-04	 2.12422963280021510771e-04	 2.87311223626758604783e-04	-1.31872115748487899953e-03	 4.72073350370049425219e-04
-6.65242781754228022090e-03	 2.88579040852937861172e-02	 9.50939127788455419374e-05	 5.90137991240117718017e-03	-2.51025099524625509503e-03	 7.22370086157614202729e-04	 2.42371706371179440609e-02	 4.47003618952195340072e-04	-6.17308087888672257434e-04	-5.72182341500748108468e-04	-6.68637554980794422514e-04	-8.29510777055469982269e-04	-9.93294995946920672089e-04	-1.14630244596802561424e-03	-1.28076534526135824704e-03	-1.43164410758134892296e-03	-1.56150023666729183790e-03	-1.77220629112024652754e-03	-2.17514079333389846044e-03	 3.54383129562488947625e-03	-1.09131023660686350858e-03
-1.15540096278596788558e-06	 9.50939127788455419374e-05	 1.29868594622796951801e-05	 1.13297292761055750612e-04	-4.80641527064646872209e-05	 3.83930736788961495166e-06	-4.53281902237037182847e-04	-3.71764414765919909406e-06	-1.63673623122265718521e-06	-7.05189120845114548292e-06	-9.91575390218690699211e-06	-1.14755342173246054717e-05	-1.32450655117839531059e-05	-1.42824576527090980362e-05	-1.41596257779228810845e-05	-1.58787138550615251670e-05	-1.70105933267881607269e-05	-1.68507500932982714310e-05	-1.97594862509567781056e-05	-1.07336746495330895870e-05	 1.82985812389629688228e-06
-7.84623651231116693572e-04	 5.90137991240117718017e-03	 1.13297292761055750612e-04	 3.76884913939601893032e-03	-1.62073225150084136541e-03	 2.20388078378210895171e-04	 1.96966219846770283775e-02	 5.31642976748520094607e-04	-1.46228161974169276012e-04	-3.64935666763601296476e-04	-4.64178430051401485872e-04	-5.20930816477341101199e-04	-5.86205874872360987310e-04	-6.33540850733242677517e-04	-6.66964063321526224280e-04	-7.22155993871666105136e-04	-7.65442004565079401300e-04	-8.22823868030884888330e-04	-9.49834710798385848350e-04	-5.18814090883740457877e-04	 4.14903322144936914651e-04
 3.09215542535377300570e-04	-2.51025099524625509503e-03	-4.80641527064646872209e-05	-1.62073225150084136541e-03	 7.50663457960648616320e-04	-9.18913186672418641271e-05	-7.59872953460096704076e-03	-1.41491945309408460050e-04	 5.69300820395430450709e-05	 1.47743343313492256959e-04	 1.95039014568142117035e-04	 2.20916757256663906549e-04	 2.50642886066877886540e-04	 2.70949252152358330183e-04	 2.86089130289379712981e-04	 3.11666285815591294524e-04	 3.30206598586578459458e-04	 3.54952148550708422321e-04	 4.09614175354138746604e-04	 3.33751208725337222306e-04	-2.19215525228103963939e-04
-1.35952074254968387126e-04	 7.22370086157614202729e-04	 3.83930736788961495166e-06	 2.20388078378210895171e-04	-9.18913186672418641271e-05	 3.78737100139706466266e-05	 1.03008241563611871103e-03	-2.06902019731170736536e-04	-2.71379291330934729898e-05	-3.91603773132420969320e-05	-4.15765788222928131534e-05	-4.62317337347185368314e-05	-4.91365399703698886276e-05	-5.28076302344050190385e-05	-5.57118890074276057380e-05	-5.94669969187645362329e-05	-6.23645548550911003535e-05	-6.88327535269826128140e-05	-7.80845861968002138108e-05	 8.76411866191243523090e-05	-3.65698412129407394484e-06
-2.14687552103961067432e-03	 2.42371706371179440609e-02	-4.53281902237037182847e-04	 1.96966219846770283775e-02	-7.59872953460096704076e-03	 1.03008241563611871103e-03	 2.73244026587210420143e-01	 5.31587207890967059637e-03	-6.61704556872651011509e-04	-2.08244668397906430857e-03	-2.66269447297468996733e-03	-2.89992944353696267476e-03	-3.19909458514823974093e-03	-3.41229374518949198081e-03	-3.67690233706287599585e-03	-3.84785527233768784305e-03	-4.05600644840005148534e-03	-4.45076073897905221538e-03	-4.96082141342036458953e-03	-5.42013766078698003975e-03	 3.69230135560778480186e-03
-2.95794466532014457480e-04	 4.47003618952195340072e-04	-3.71764414765919909406e-06	 5.31642976748520094607e-04	-1.41491945309408460050e-04	-2.06902019731170736536e-04	 5.31587207890967059637e-03	 6.01353099457473290468e-03	 1.01376429036214880052e-04	-3.55598051690872020794e-05	-7.95667015085915220723e-05	-8.63583541452067469284e-05	-1.21658560307537366458e-04	-1.50854962911644451982e-04	-1.65855628233237557259e-04	-1.96949221985998187880e-04	-2.33409330060429658386e-04	-2.44859037472016261450e-04	-3.48844560694468674121e-04	-4.98280827597160432159e-05	-1.61092894381152331633e-04
 1.41576347501302040417e-04	-6.17308087888672257434e-04	-1.63673623122265718521e-06	-1.46228161974169276012e-04	 5.69300820395430450709e-05	-2.71379291330934729898e-05	-6.61704556872651011509e-04	 1.01376429036214880052e-04	 2.17421420877562026957e-05	 2.58324337937172110382e-05	 2.54674266537349742068e-05	 2.87285443349358261269e-05	 3.06583133743043538132e-05	 3.37125433661258482607e-05	 3.59739988151111547113e-05	 3.86498913587187168609e-05	 4.09151928934944414873e-05	 4.58848501834424623669e-05	 5.34314798461752967548e-05	-1.03704214543672183844e-04	 1.68209963046231169388e-05
 3.00250081192351100966e-05	-5.72182341500748108468e-04	-7.05189120845114548292e-06	-3.64935666763601296476e-04	 1.47743343313492256959e-04	-3.91603773132420969320e-05	-2.08244668397906430857e-03	-3.55598051690872020794e-05	 2.58324337937172110382e-05	 8.14045091297858517754e-05	 9.04434937921773010995e-05	 9.77850845554218003289e-05	 1.02909449451234137791e-04	 1.08247565671476574448e-04	 1.12512897490298817774e-04	 1.19408484143228348301e-04	 1.25020254108877432609e-04	 1.32949052896410468061e-04	 1.50877252568311072357e-04	 3.68657284565794204911e-05	-5.91562800343945656965e-05
 1.41391335723814283508e-05	-6.68637554980794422514e-04	-9.91575390218690699211e-06	-4.64178430051401485872e-04	 1.95039014568142117035e-04	-4.15765788222928131534e-05	-2.66269447297468996733e-03	-7.95667015085915220723e-05	 2.54674266537349742068e-05	 9.04434937921773010995e-05	 1.13287319993531036670e-04	 1.16000169290617346032e-04	 1.25272281215707732577e-04	 1.31790879079161118949e-04	 1.37443221597395603441e-04	 1.46270130172909446249e-04	 1.53294945005125665466e-04	 1.63401121204552582421e-04	 1.85423935335572953554e-04	 9.89566485283073835446e-05	-8.38055621885041792827e-05
 4.00905195826497430934e-05	-8.29510777055469982269e-04	-1.14755342173246054717e-05	-5.20930816477341101199e-04	 2.20916757256663906549e-04	-4.62317337347185368314e-05	-2.89992944353696267476e-03	-8.63583541452067469284e-05	 2.87285443349358261269e-05	 9.77850845554218003289e-05	 1.16000169290617346032e-04	 1.34516420311907698932e-04	 1.34081599613001915816e-04	 1.45225387366389689908e-04	 1.50390299872575340613e-04	 1.60671154602212224371e-04	 1.68910782039393997812e-04	 1.80684916619665471163e-04	 2.05646107410958087301e-04	 8.70101399079812866345e-05	-7.55892383835466373770e-05
 6.67138468331307418454e-05	-9.93294995946920672089e-04	-1.32450655117839531059e-05	-5.86205874872360987310e-04	 2.50642886066877886540e-04	-4.91365399703698886276e-05	-3.19909458514823974093e-03	-1.21658560307537366458e-04	 3.06583133743043538132e-05	 1.02909449451234137791e-04	 1.25272281215707732577e-04	 1.34081599613001915816e-04	 1.56156158724078247000e-04	 1.53265055341462997068e-04	 1.65254658720596285353e-04	 1.75148873161763810090e-04	 1.85556189673389079374e-04	 1.97886236110493307942e-04	 2.26647937947135826205e-04	 1.08502241955949889915e-04	-9.14356101771676303474e-05
 9.75900729843852106447e-05	-1.14630244596802561424e-03	-1.42824576527090980362e-05	-6.33540850733242677517e-04	 2.70949252152358330183e-04	-5.28076302344050190385e-05	-3.41229374518949198081e-03	-1.50854962911644451982e-04	 3.37125433661258482607e-05	 1.08247565671476574448e-04	 1.31790879079161118949e-04	 1.45225387366389689908e-04	 1.53265055341462997068e-04	 1.78383100839426167634e-04	 1.71114255845767926660e-04	 1.89502112840741636151e-04	 1.97543723876221933178e-04	 2.12608515481377589136e-04	 2.44254521794635666779e-04	 1.10355503412829254587e-04	-9.42360045827800481277e-05
 1.22686387579769951928e-04	-1.28076534526135824704e-03	-1.41596257779228810845e-05	-6.66964063321526224280e-04	 2.86089130289379712981e-04	-5.57118890074276057380e-05	-3.67690233706287599585e-03	-1.65855628233237557259e-04	 3.59739988151111547113e-05	 1.12512897490298817774e-04	 1.37443221597395603441e-04	 1.50390299872575340613e-04	 1.65254658720596285353e-04	 1.71114255845767926660e-04	 1.96631029205676161791e-04	 1.94318459816013869778e-04	 2.10680190829644304685e-04	 2.24331316056680831047e-04	 2.58917936083309175102e-04	 1.12581314148446932628e-04	-9.92223454222344961604e-05
 1.47917226753596111038e-04	-1.43164410758134892296e-03	-1.58787138550615251670e-05	-7.22155993871666105136e-04	 3.11666285815591294524e-04	-5.94669969187645362329e-05	-3.84785527233768784305e-03	-1.96949221985998187880e-04	 3.86498913587187168609e-05	 1.19408484143228348301e-04	 1.46270130172909446249e-04	 1.60671154602212224371e-04	 1.75148873161763810090e-04	 1.89502112840741636151e-04	 1.94318459816013869778e-04	 2.28156457166187937773e-04	 2.21702769887820595306e-04	 2.43266403205130780614e-04	 2.79149504467627847595e-04	 7.01157130866650221386e-05	-7.39360085810238765831e-05
 1.70749980366194218815e-04	-1.56150023666729183790e-03	-1.70105933267881607269e-05	-7.65442004565079401300e-04	 3.30206598586578459458e-04	-6.23645548550911003535e-05	-4.05600644840005148534e-03	-2.33409330060429658386e-04	 4.09151928934944414873e-05	 1.25020254108877432609e-04	 1.53294945005125665466e-04	 1.68910782039393997812e-04	 1.85556189673389079374e-04	 1.97543723876221933178e-04	 2.10680190829644304685e-04	 2.21702769887820595306e-04	 2.51438589880660363744e-04	 2.55115812253581492140e-04	 2.97635695625703719340e-04	 7.36048839515434272403e-05	-8.00235843810269431055e-05
 2.12422963280021510771e-04	-1.77220629112024652754e-03	-1.68507500932982714310e-05	-8.22823868030884888330e-04	 3.54952148550708422321e-04	-6.88327535269826128140e-05	-4.45076073897905221538e-03	-2.44859037472016261450e-04	 4.58848501834424623669e-05	 1.32949052896410468061e-04	 1.63401121204552582421e-04	 1.80684916619665471163e-04	 1.97886236110493307942e-04	 2.12608515481377589136e-04	 2.24331316056680831047e-04	 2.43266403205130780614e-04	 2.55115812253581492140e-04	 2.86340935195159159658e-04	 3.19415632198481204678e-04	 5.60223177958448696843e-05	-7.46601752094640908845e-05
 2.87311223626758604783e-04	-2.17514079333389846044e-03	-1.97594862509567781056e-05	-9.49834710798385848350e-04	 4.09614175354138746604e-04	-7.80845861968002138108e-05	-4.96082141342036458953e-03	-3.48844560694468674121e-04	 5.34314798461752967548e-05	 1.50877252568311072357e-04	 1.85423935335572953554e-04	 2.05646107410958087301e-04	 2.26647937947135826205e-04	 2.44254521794635666779e-04	 2.58917936083309175102e-04	 2.79149504467627847595e-04	 2.97635695625703719340e-04	 3.19415632198481204678e-04	 3.86316708904608401617e-04	 3.23402401208983087495e-05	-6.77491251435596636074e-05
-1.31872115748487899953e-03	 3.54383129562488947625e-03	-1.07336746495330895870e-05	-5.18814090883740457877e-04	 3.33751208725337222306e-04	 8.76411866191243523090e-05	-5.42013766078698003975e-03	-4.98280827597160432159e-05	-1.03704214543672183844e-04	 3.68657284565794204911e-05	 9.89566485283073835446e-05	 8.70101399079812866345e-05	 1.08502241955949889915e-04	 1.10355503412829254587e-04	 1.12581314148446932628e-04	 7.01157130866650221386e-05	 7.36048839515434272403e-05	 5.60223177958448696843e-05	 3.23402401208983087495e-05	 3.71927933305449959223e-02	-2.19048599893689882601e-02
 4.72073350370049425219e-04	-1.09131023660686350858e-03	 1.82985812389629688228e-06	 4.14903322144936914651e-04	-2.19215525228103963939e-04	-3.65698412129407394484e-06	 3.69230135560778480186e-03	-1.61092894381152331633e-04	 1.68209963046231169388e-05	-5.91562800343945656965e-05	-8.38055621885041792827e-05	-7.55892383835466373770e-05	-9.14356101771676303474e-05	-9.42360045827800481277e-05	-9.92223454222344961604e-05	-7.39360085810238765831e-05	-8.00235843810269431055e-05	-7.46601752094640908845e-05	-6.77491251435596636074e-05	-2.19048599893689882601e-02	 1.33205139685771602881e-02
